classFirst,98,8,comma
ZFn, 2172, 314, 81, 565, 67, 17, 334, 773, 23, 55, 94, 7, 2474, 699, 522, 267, 574, 541, 565, 64, 1007, 163, 1536, 564, 1288, 632, 166, 846, 260, 183, 344, 1, 96, 33, 10, 515, 919, 8, 41, 1257, 1475, 3341, 103, 135, 5551, 1835, 234, 17, 1509, 125, 394, 318, 463, 59, 778, 522, 1084, 27, 108, 1211, 295, 264, 611, 1218, 44, 118, 8, 1332, 4382, 2577, 810, 0, 420, 388, 55, 30, 400, 199, 4, 916, 0, 147, 1, 38, 2, 199, 18, 14, 22, 0, 13, 102, 207, 281, 0, 3, 16, 9
ZFn, 265, 157, 17, 263, 23, 0, 94, 435, 3, 14, 19, 9, 1036, 546, 416, 239, 370, 351, 263, 103, 514, 67, 782, 129, 582, 394, 31, 404, 107, 47, 125, 0, 55, 4, 2, 69, 532, 0, 12, 361, 542, 1278, 11, 52, 3312, 353, 253, 5, 90, 63, 66, 149, 104, 9, 624, 202, 1265, 5, 73, 830, 145, 110, 327, 1160, 76, 282, 3, 1015, 1315, 1946, 499, 0, 302, 220, 14, 2, 165, 132, 1, 268, 1, 20, 0, 59, 0, 71, 0, 0, 3, 0, 5, 4, 25, 82, 0, 0, 25, 2
ZFn, 440, 455, 15, 185, 12, 1, 59, 982, 7, 49, 40, 2, 1089, 972, 534, 199, 282, 445, 185, 24, 493, 54, 686, 306, 418, 652, 35, 611, 103, 36, 221, 2, 201, 12, 0, 112, 747, 1, 2, 406, 1128, 1624, 12, 88, 3585, 673, 584, 3, 143, 204, 203, 131, 148, 37, 494, 475, 1025, 0, 178, 810, 154, 76, 384, 1841, 115, 289, 2, 1397, 1282, 3159, 546, 0, 365, 345, 38, 6, 135, 207, 0, 506, 1, 28, 0, 63, 0, 49, 0, 0, 12, 0, 4, 7, 49, 56, 0, 0, 7, 2
ZFn, 2310, 1732, 253, 4730, 475, 0, 114, 2656, 326, 57, 140, 21, 4446, 624, 1321, 678, 1873, 935, 4730, 2, 2468, 310, 3767, 4182, 993, 10008, 479, 2664, 74, 485, 160, 0, 92, 49, 6, 156, 2681, 44, 135, 4386, 4519, 8359, 94, 723, 13830, 66, 1216, 1, 149, 866, 2997, 69, 2291, 90, 2064, 2837, 1516, 2, 11, 1421, 20, 596, 2168, 1407, 59, 38, 0, 5369, 6883, 7450, 3168, 0, 446, 1517, 30, 2, 73, 163, 1, 1147, 0, 94, 0, 3, 0, 18, 6, 6, 99, 0, 11, 10, 26, 1030, 105, 0, 77, 66
ZFn, 139, 148, 12, 347, 31, 0, 17, 289, 8, 12, 25, 12, 422, 81, 194, 134, 112, 104, 347, 6, 323, 72, 372, 221, 219, 481, 59, 270, 16, 30, 22, 2, 34, 1, 1, 5, 236, 11, 58, 283, 808, 498, 13, 43, 1503, 352, 130, 3, 114, 114, 197, 40, 277, 13, 273, 211, 159, 4, 13, 237, 19, 75, 267, 177, 12, 9, 0, 642, 1018, 539, 233, 0, 48, 65, 6, 6, 33, 82, 0, 109, 0, 35, 0, 3, 8, 6, 24, 5, 1, 0, 2, 50, 9, 135, 0, 0, 11, 6
XZ, 87981, 4658, 1871, 7965, 429, 2, 644, 36045, 2865, 3091, 1335, 33, 50299, 4186, 2225, 10967, 4561, 30188, 7965, 23, 11439, 211, 37991, 4152, 3301, 120786, 114, 27773, 2490, 1564, 7444, 0, 9043, 40, 10, 468, 4411, 7, 804, 7896, 17757, 61163, 705, 2438, 114332, 708, 7092, 31, 5256, 1705, 4807, 3284, 15227, 1634, 9224, 3626, 25922, 33, 14, 25161, 57, 189, 14251, 12312, 1032, 321, 4, 42946, 16962, 52870, 12051, 0, 8896, 26498, 381, 18, 611, 1007, 8, 18013, 18, 361, 1, 13, 0, 83, 0, 12, 193, 0, 11, 0, 76, 3405, 0, 3, 174, 54
XZ, 435, 16, 25, 61, 6, 0, 11, 190, 3, 3, 17, 0, 327, 168, 31, 130, 140, 64, 61, 2, 151, 0, 83, 108, 64, 215, 0, 45, 16, 55, 210, 0, 47, 0, 0, 20, 104, 0, 0, 223, 322, 484, 0, 139, 282, 96, 70, 0, 0, 13, 34, 12, 71, 3, 71, 70, 99, 0, 0, 495, 6, 17, 49, 155, 29, 2, 0, 433, 455, 438, 211, 0, 73, 52, 0, 0, 6, 22, 0, 251, 0, 0, 0, 2, 0, 0, 0, 0, 1, 0, 0, 0, 1, 4, 0, 0, 37, 3
XZ, 22521, 1679, 3226, 3440, 348, 1, 652, 8690, 212, 248, 1639, 3, 12617, 13912, 1416, 6029, 5584, 2062, 3440, 23, 2336, 248, 6297, 6217, 1307, 11038, 31, 5514, 2013, 485, 3386, 16, 146, 95, 62, 499, 6237, 29, 62, 13601, 15429, 16927, 189, 2756, 22835, 902, 2616, 17, 66, 4225, 588, 1848, 3132, 554, 5403, 4097, 8035, 3, 2, 8589, 47, 399, 1638, 6659, 977, 108, 2, 9308, 21938, 33411, 9500, 1, 3055, 3783, 209, 2, 617, 1188, 3, 6709, 22, 823, 0, 9, 2, 31, 1, 66, 199, 0, 35, 2, 153, 1057, 0, 0, 1063, 285
XZ, 4024, 325, 557, 543, 88, 2, 86, 1687, 21, 19, 274, 0, 2743, 2224, 522, 890, 628, 451, 543, 5, 310, 43, 796, 801, 371, 1466, 1, 633, 261, 126, 1310, 1, 18, 137, 75, 69, 486, 10, 15, 1474, 2735, 2188, 33, 304, 2720, 1092, 387, 0, 1, 225, 59, 201, 606, 123, 474, 574, 1204, 0, 0, 1822, 4, 139, 299, 413, 427, 7, 11, 1509, 1801, 5149, 1778, 0, 597, 273, 92, 1, 58, 291, 9, 1447, 8, 259, 0, 0, 0, 13, 0, 31, 111, 0, 34, 0, 18, 125, 1, 0, 169, 70
XZ, 1804, 50, 148, 277, 57, 1, 30, 790, 28, 22, 100, 1, 1026, 265, 132, 135, 161, 500, 277, 0, 77, 14, 390, 245, 366, 1039, 0, 72, 258, 37, 256, 0, 15, 18, 0, 97, 233, 0, 19, 359, 842, 1230, 46, 226, 2018, 515, 165, 2, 5, 90, 298, 231, 279, 325, 431, 209, 752, 0, 0, 416, 0, 67, 163, 382, 430, 12, 1, 804, 686, 2910, 272, 0, 388, 39, 105, 5, 29, 72, 1, 752, 0, 125, 0, 0, 2, 5, 1, 19, 3, 0, 15, 0, 26, 12, 1, 0, 2, 43
XZ, 12068, 1173, 929, 1562, 115, 1, 338, 4779, 172, 195, 275, 11, 9225, 8151, 903, 2919, 4298, 1590, 1562, 10, 4501, 125, 2296, 3298, 3055, 6549, 5, 1760, 690, 731, 6749, 7, 265, 37, 57, 303, 1491, 5, 66, 5553, 7233, 11793, 65, 2283, 11010, 223, 2747, 20, 6, 1122, 372, 288, 2150, 303, 3207, 1066, 2612, 5, 11, 13125, 11, 385, 1845, 3592, 3194, 266, 3, 9913, 10210, 15377, 5278, 0, 1552, 1573, 6, 1, 84, 243, 7, 6514, 6, 124, 0, 13, 2, 27, 4, 44, 80, 0, 9, 1, 62, 412, 1, 0, 556, 135
XZ, 1754, 52, 87, 153, 7, 0, 8, 416, 4, 4, 33, 0, 810, 938, 71, 225, 123, 200, 153, 1, 162, 6, 265, 180, 214, 524, 2, 91, 103, 33, 860, 0, 79, 10, 1, 29, 220, 0, 12, 506, 1384, 1204, 6, 215, 949, 488, 187, 1, 5, 258, 7, 35, 419, 40, 269, 129, 308, 0, 0, 833, 0, 37, 90, 243, 195, 14, 0, 810, 1300, 1424, 779, 0, 163, 68, 1, 0, 4, 34, 0, 570, 1, 18, 0, 3, 0, 0, 0, 7, 6, 0, 3, 0, 10, 27, 0, 0, 11, 34
XZ, 2333, 95, 131, 210, 22, 0, 12, 390, 5, 5, 45, 0, 1002, 1033, 75, 273, 206, 214, 210, 2, 158, 5, 272, 265, 312, 562, 2, 107, 125, 71, 791, 0, 84, 18, 0, 41, 234, 0, 18, 662, 1399, 1459, 8, 289, 1261, 526, 178, 0, 17, 287, 13, 45, 467, 35, 349, 167, 347, 0, 0, 1024, 0, 49, 122, 227, 230, 16, 0, 918, 1693, 1728, 785, 0, 218, 93, 1, 0, 6, 55, 0, 815, 2, 6, 0, 6, 0, 0, 0, 14, 10, 0, 2, 0, 17, 16, 0, 0, 11, 46
XZ, 2525, 209, 192, 236, 33, 0, 43, 609, 9, 8, 38, 1, 1608, 2153, 144, 777, 666, 376, 236, 0, 330, 16, 381, 491, 140, 1089, 4, 331, 75, 131, 971, 0, 30, 5, 5, 33, 255, 0, 14, 745, 1123, 1927, 7, 248, 2173, 474, 185, 5, 4, 271, 150, 85, 326, 23, 286, 123, 348, 0, 0, 1531, 0, 63, 279, 617, 494, 19, 0, 1294, 2615, 2292, 754, 0, 128, 287, 1, 0, 6, 79, 0, 735, 1, 44, 0, 0, 0, 2, 0, 3, 6, 0, 2, 0, 8, 45, 0, 0, 52, 47
XZ, 2844, 177, 139, 210, 13, 0, 35, 747, 7, 6, 30, 1, 1161, 2314, 105, 340, 333, 203, 210, 0, 181, 8, 452, 451, 233, 693, 2, 246, 88, 132, 1018, 0, 68, 6, 19, 48, 205, 1, 15, 518, 1085, 1343, 2, 213, 1517, 5, 269, 3, 2, 247, 5, 9, 274, 18, 172, 169, 279, 0, 0, 1216, 0, 54, 288, 251, 258, 9, 0, 1007, 2477, 1724, 646, 0, 166, 217, 1, 0, 8, 63, 1, 709, 2, 53, 0, 0, 0, 0, 0, 9, 16, 0, 3, 0, 4, 61, 0, 0, 99, 50
XZ, 159, 9, 15, 30, 7, 0, 4, 142, 2, 2, 15, 0, 93, 54, 10, 20, 16, 32, 30, 0, 24, 0, 20, 16, 17, 83, 0, 17, 12, 4, 51, 0, 1, 4, 0, 5, 22, 0, 0, 71, 131, 85, 0, 4, 149, 0, 23, 0, 0, 17, 5, 9, 31, 11, 55, 32, 42, 0, 0, 56, 0, 10, 19, 32, 48, 0, 0, 42, 53, 155, 42, 0, 15, 7, 5, 0, 2, 7, 0, 95, 0, 5, 0, 0, 0, 0, 0, 0, 0, 0, 0, 0, 0, 9, 0, 0, 3, 0
KJ, 3863, 465, 26, 482, 96, 0, 147, 2490, 45, 114, 187, 22, 1796, 240, 433, 452, 108, 1456, 482, 1, 1241, 23, 2349, 321, 286, 5783, 69, 2443, 63, 121, 30, 0, 188, 1, 0, 2, 399, 0, 68, 77, 168, 8406, 0, 255, 8457, 3, 984, 7, 206, 320, 515, 111, 291, 5, 226, 309, 1974, 0, 1, 809, 8, 35, 349, 759, 13, 40, 0, 2737, 1379, 2704, 1947, 0, 410, 2299, 0, 0, 134, 72, 27, 912, 0, 60, 0, 3, 0, 190, 0, 0, 15, 0, 0, 0, 1, 75, 0, 0, 26, 1
KJ, 797, 58, 17, 99, 23, 0, 36, 559, 26, 28, 54, 2, 575, 26, 128, 102, 14, 270, 99, 0, 511, 7, 613, 107, 210, 2095, 27, 185, 35, 66, 13, 0, 153, 0, 0, 6, 134, 1, 4, 34, 118, 2317, 8, 58, 1747, 1, 197, 0, 83, 49, 176, 127, 206, 1, 189, 144, 502, 1, 0, 510, 0, 19, 111, 201, 25, 16, 0, 775, 431, 578, 342, 0, 203, 116, 1, 0, 26, 24, 10, 282, 0, 41, 0, 1, 0, 117, 0, 0, 5, 0, 0, 0, 1, 32, 0, 0, 8, 2
KJ, 259, 102, 57, 127, 13, 0, 23, 168, 18, 31, 47, 3, 618, 38, 112, 274, 91, 109, 127, 31, 310, 39, 598, 247, 507, 515, 16, 159, 55, 85, 73, 0, 77, 3, 0, 32, 184, 0, 15, 97, 492, 1191, 26, 81, 630, 54, 45, 5, 28, 20, 233, 89, 146, 28, 487, 249, 303, 6, 9, 738, 11, 24, 159, 241, 122, 111, 0, 1151, 508, 619, 342, 0, 332, 133, 10, 2, 67, 110, 11, 269, 0, 19, 0, 3, 0, 8, 2, 1, 31, 0, 2, 0, 43, 23, 0, 0, 3, 3
KJ, 414, 115, 5, 75, 0, 0, 2, 84, 8, 16, 41, 2, 441, 32, 86, 109, 33, 170, 75, 0, 51, 6, 378, 100, 90, 249, 1, 145, 34, 26, 34, 0, 29, 0, 0, 33, 189, 0, 7, 14, 164, 891, 1, 75, 682, 3, 6, 0, 3, 2, 28, 61, 58, 2, 202, 65, 163, 0, 0, 492, 0, 17, 68, 52, 57, 83, 0, 1098, 243, 426, 392, 0, 217, 125, 0, 0, 1, 28, 1, 387, 0, 5, 0, 0, 0, 1, 0, 0, 5, 0, 0, 0, 0, 12, 0, 0, 3, 1
KJ, 10, 0, 5, 4, 0, 0, 4, 9, 1, 2, 2, 0, 10, 1, 2, 6, 0, 12, 4, 0, 13, 0, 9, 5, 21, 15, 0, 0, 0, 4, 0, 0, 3, 0, 0, 0, 4, 0, 0, 17, 9, 47, 1, 3, 17, 2, 3, 0, 0, 2, 10, 0, 3, 0, 3, 2, 4, 0, 0, 15, 0, 0, 0, 2, 6, 3, 0, 35, 13, 21, 4, 0, 11, 0, 0, 0, 0, 8, 1, 4, 0, 0, 0, 0, 0, 1, 0, 0, 1, 0, 0, 0, 0, 1, 0, 0, 0, 0
KJ, 16334, 1252, 237, 1616, 265, 1, 330, 7395, 330, 638, 1598, 36, 8542, 1207, 1790, 1689, 1458, 4068, 1616, 11, 2564, 197, 9883, 1682, 1934, 13817, 163, 4281, 1721, 577, 182, 0, 639, 10, 3, 215, 1959, 5, 173, 404, 2565, 26363, 29, 739, 23952, 3848, 2292, 71, 565, 545, 1472, 2192, 1616, 173, 2545, 982, 6252, 11, 7, 3143, 68, 628, 1217, 4190, 806, 317, 0, 9585, 8809, 12624, 9069, 0, 2584, 3703, 27, 2, 179, 636, 102, 5122, 1, 373, 0, 6, 0, 516, 5, 4, 44, 0, 14, 1, 28, 439, 12, 0, 114, 19
KJ, 1181, 3, 72, 78, 37, 0, 30, 701, 24, 26, 100, 0, 465, 145, 241, 75, 45, 406, 78, 0, 94, 6, 512, 170, 41, 1051, 0, 60, 53, 3, 6, 0, 6, 2, 0, 12, 127, 0, 1, 71, 122, 1398, 0, 103, 1658, 321, 196, 0, 9, 8, 100, 599, 170, 5, 357, 62, 585, 5, 2, 258, 0, 75, 3, 258, 68, 3, 0, 343, 922, 1960, 396, 0, 124, 20, 1, 1, 4, 29, 0, 212, 0, 7, 1, 0, 0, 2, 0, 0, 1, 0, 0, 0, 0, 15, 0, 0, 0, 0
KJ, 368, 4, 18, 27, 11, 0, 0, 154, 6, 6, 11, 0, 207, 36, 60, 17, 18, 160, 27, 0, 34, 0, 153, 48, 9, 245, 0, 6, 11, 1, 1, 0, 2, 0, 0, 1, 64, 0, 2, 26, 24, 413, 0, 50, 462, 45, 30, 0, 10, 16, 35, 142, 34, 8, 105, 11, 170, 3, 5, 38, 0, 25, 4, 80, 25, 2, 0, 38, 170, 394, 119, 0, 51, 4, 2, 1, 0, 10, 0, 80, 0, 1, 0, 0, 0, 3, 0, 0, 1, 0, 2, 0, 0, 6, 0, 0, 2, 0
KJ, 790, 4, 12, 86, 5, 1, 2, 196, 2, 6, 38, 1, 208, 13, 25, 12, 15, 97, 86, 4, 29, 3, 213, 52, 11, 438, 3, 3, 66, 4, 0, 0, 2, 0, 1, 2, 49, 1, 2, 24, 52, 607, 0, 43, 674, 344, 34, 1, 31, 25, 143, 147, 26, 1, 61, 33, 232, 3, 1, 28, 0, 23, 15, 115, 23, 5, 0, 82, 207, 719, 210, 0, 22, 7, 0, 2, 4, 17, 2, 130, 0, 15, 0, 3, 0, 3, 1, 1, 1, 0, 1, 0, 0, 7, 0, 0, 0, 1
KJ, 4447, 192, 113, 290, 21, 0, 83, 1649, 53, 51, 584, 0, 2145, 575, 551, 283, 390, 573, 290, 4, 398, 26, 2451, 268, 160, 2309, 7, 232, 321, 140, 112, 2, 35, 2, 0, 92, 507, 4, 22, 87, 1511, 4603, 22, 270, 4810, 1951, 358, 5, 340, 349, 549, 1540, 433, 7, 629, 354, 1675, 0, 7, 817, 1, 188, 132, 222, 2764, 39, 0, 1311, 2575, 3232, 2622, 0, 731, 181, 5, 0, 33, 34, 0, 1657, 11, 128, 0, 5, 0, 8, 1, 10, 2, 0, 4, 0, 8, 112, 0, 0, 19, 6
ZQ, 23, 12, 24, 35, 4, 0, 7, 39, 2, 2, 11, 9, 146, 37, 35, 18, 2, 65, 35, 2, 121, 4, 79, 52, 59, 43, 4, 16, 5, 8, 2, 0, 6, 9, 2, 1, 26, 2, 0, 23, 51, 148, 8, 8, 217, 46, 2, 11, 34, 12, 23, 42, 28, 3, 38, 3, 29, 7, 3, 41, 19, 6, 2, 27, 25, 6, 0, 51, 134, 129, 34, 0, 55, 21, 2, 0, 3, 4, 0, 31, 0, 8, 0, 0, 0, 12, 6, 0, 6, 0, 2, 0, 5, 6, 1, 0, 2, 0
ZQ, 20, 7, 7, 28, 2, 1, 8, 44, 4, 2, 9, 10, 137, 10, 42, 23, 5, 24, 28, 4, 72, 6, 65, 58, 53, 21, 12, 28, 2, 6, 5, 0, 5, 3, 7, 4, 24, 2, 3, 30, 40, 100, 3, 3, 137, 56, 2, 9, 27, 9, 28, 13, 25, 4, 40, 1, 33, 3, 7, 54, 23, 2, 7, 29, 33, 6, 0, 85, 114, 107, 40, 0, 49, 14, 2, 2, 6, 11, 2, 17, 0, 5, 0, 0, 0, 7, 4, 0, 2, 0, 0, 0, 8, 10, 3, 2, 1, 0
ZQ, 10, 0, 2, 14, 2, 0, 0, 10, 0, 0, 2, 1, 26, 0, 8, 0, 46, 3, 14, 0, 9, 0, 13, 1, 15, 22, 1, 1, 1, 1, 0, 0, 0, 1, 0, 0, 3, 0, 0, 0, 0, 31, 1, 1, 23, 1, 0, 0, 0, 4, 0, 0, 2, 0, 1, 0, 19, 0, 3, 5, 0, 0, 2, 8, 0, 0, 0, 15, 31, 31, 9, 0, 15, 0, 0, 0, 0, 1, 0, 1, 1, 0, 0, 0, 0, 8, 0, 0, 0, 0, 0, 0, 0, 1, 9, 0, 1, 0
ZQ, 21, 4, 1, 11, 0, 0, 5, 13, 1, 1, 5, 2, 34, 2, 14, 6, 4, 14, 11, 1, 35, 0, 32, 10, 19, 8, 0, 13, 4, 5, 0, 0, 0, 3, 1, 3, 15, 0, 2, 0, 4, 53, 0, 1, 96, 0, 0, 0, 27, 5, 31, 0, 19, 0, 9, 1, 12, 0, 5, 11, 0, 5, 23, 20, 0, 6, 0, 19, 87, 64, 54, 0, 24, 4, 0, 0, 1, 2, 0, 36, 0, 0, 0, 0, 0, 5, 0, 0, 0, 0, 0, 11, 0, 7, 11, 0, 0, 0
ZQ, 5, 14, 7, 6, 0, 0, 2, 11, 0, 3, 1, 0, 39, 12, 5, 0, 3, 12, 6, 11, 11, 1, 41, 5, 26, 11, 1, 10, 1, 2, 1, 1, 1, 0, 0, 8, 12, 0, 4, 3, 0, 3, 0, 0, 77, 29, 4, 0, 21, 2, 0, 5, 18, 0, 20, 8, 4, 10, 12, 7, 31, 1, 2, 7, 3, 3, 0, 20, 28, 38, 17, 1, 10, 2, 3, 8, 9, 3, 1, 12, 5, 1, 0, 5, 0, 1, 0, 0, 1, 0, 0, 0, 0, 9, 0, 0, 0, 0
ZQ, 1, 2, 2, 8, 0, 0, 1, 6, 0, 0, 0, 6, 30, 3, 1, 1, 0, 2, 8, 0, 19, 0, 14, 3, 10, 2, 5, 5, 0, 0, 1, 0, 1, 0, 0, 0, 2, 0, 0, 4, 4, 18, 1, 0, 39, 2, 0, 2, 0, 6, 0, 1, 0, 0, 0, 0, 0, 0, 0, 0, 0, 0, 0, 3, 0, 5, 0, 3, 32, 22, 2, 0, 3, 0, 0, 0, 0, 0, 0, 1, 0, 0, 0, 0, 0, 0, 0, 0, 0, 0, 0, 0, 0, 2, 0, 0, 0, 0
ZQ, 3, 2, 2, 9, 0, 0, 1, 6, 1, 0, 1, 0, 8, 0, 1, 2, 0, 2, 9, 0, 9, 0, 7, 3, 3, 6, 4, 6, 0, 3, 0, 0, 0, 0, 0, 0, 3, 0, 0, 1, 0, 24, 0, 0, 11, 1, 0, 0, 0, 0, 0, 0, 4, 0, 2, 8, 3, 1, 0, 5, 0, 0, 5, 10, 0, 1, 0, 0, 15, 16, 7, 0, 4, 1, 0, 0, 1, 1, 0, 2, 0, 0, 0, 2, 0, 0, 0, 0, 0, 0, 0, 0, 0, 1, 0, 0, 0, 0
ZQ, 49, 6, 19, 22, 6, 1, 14, 51, 4, 1, 1, 5, 125, 20, 45, 18, 14, 57, 22, 7, 69, 8, 91, 37, 88, 13, 19, 54, 22, 5, 1, 0, 7, 5, 0, 0, 36, 0, 5, 7, 54, 82, 4, 0, 251, 87, 0, 3, 74, 10, 32, 26, 66, 2, 74, 4, 22, 16, 17, 64, 39, 13, 21, 67, 21, 27, 1, 57, 100, 138, 78, 0, 68, 19, 2, 3, 5, 17, 0, 57, 0, 20, 0, 4, 0, 9, 3, 0, 3, 0, 1, 14, 6, 30, 2, 1, 2, 0
ZQ, 34, 24, 23, 50, 16, 0, 17, 148, 9, 0, 14, 18, 123, 31, 150, 59, 5, 103, 50, 1, 93, 26, 111, 101, 55, 26, 84, 54, 13, 13, 0, 0, 20, 8, 2, 0, 123, 0, 13, 60, 5, 323, 4, 0, 360, 17, 11, 18, 8, 5, 28, 2, 89, 3, 18, 44, 150, 0, 2, 62, 4, 5, 200, 90, 1, 187, 0, 88, 147, 231, 90, 0, 33, 22, 0, 1, 0, 20, 0, 31, 4, 3, 0, 0, 0, 27, 0, 0, 0, 0, 0, 1, 0, 30, 49, 0, 3, 0
ZQ, 25, 7, 6, 26, 1, 5, 32, 38, 0, 1, 12, 2, 338, 61, 67, 4, 6, 51, 26, 13, 55, 4, 113, 59, 46, 33, 42, 33, 29, 6, 6, 0, 3, 2, 4, 13, 24, 0, 11, 49, 40, 228, 20, 7, 420, 6, 0, 2, 1, 0, 4, 54, 11, 5, 59, 0, 57, 0, 1, 42, 4, 5, 4, 24, 4, 4, 1, 42, 137, 166, 35, 0, 12, 24, 2, 4, 14, 2, 0, 106, 0, 24, 0, 1, 0, 34, 4, 0, 1, 0, 0, 0, 0, 4, 0, 1, 0, 0
ZQ, 2, 0, 0, 1, 0, 0, 0, 0, 0, 0, 0, 2, 10, 2, 2, 1, 3, 2, 1, 1, 0, 3, 6, 1, 16, 0, 0, 0, 3, 0, 1, 0, 0, 0, 1, 2, 4, 0, 0, 0, 5, 5, 1, 0, 17, 3, 2, 1, 5, 0, 0, 2, 0, 0, 5, 0, 1, 0, 0, 1, 0, 1, 0, 1, 1, 0, 0, 3, 12, 9, 2, 0, 2, 1, 0, 1, 1, 2, 0, 1, 0, 0, 0, 0, 0, 1, 0, 0, 1, 0, 0, 0, 2, 0, 0, 0, 0, 0
ZQ, 232, 64, 12, 118, 9, 2, 39, 319, 11, 8, 25, 1, 450, 19, 179, 76, 26, 121, 118, 1, 353, 15, 239, 63, 231, 226, 31, 93, 21, 21, 12, 0, 48, 2, 3, 1, 98, 1, 23, 45, 28, 916, 0, 16, 1082, 146, 76, 20, 122, 21, 3, 12, 61, 2, 29, 65, 152, 80, 62, 229, 20, 12, 74, 132, 39, 147, 0, 290, 456, 372, 502, 0, 129, 58, 1, 0, 84, 37, 2, 80, 5, 13, 0, 46, 2, 41, 0, 0, 7, 0, 0, 5, 4, 48, 6, 0, 11, 0
ZQ, 1, 10, 4, 5, 0, 0, 1, 15, 0, 0, 0, 0, 38, 15, 7, 6, 10, 9, 5, 1, 177, 1, 13, 9, 9, 14, 4, 8, 0, 4, 2, 0, 2, 0, 1, 0, 7, 0, 0, 4, 6, 22, 0, 0, 69, 7, 0, 0, 2, 1, 3, 1, 3, 1, 5, 1, 1, 0, 0, 22, 1, 3, 5, 17, 1, 15, 1, 46, 11, 68, 10, 0, 16, 1, 0, 0, 1, 6, 0, 7, 0, 1, 0, 1, 0, 0, 0, 0, 0, 0, 1, 1, 1, 2, 0, 0, 0, 0
ZQ, 19, 8, 11, 16, 2, 0, 26, 28, 19, 2, 18, 0, 109, 0, 22, 77, 2, 56, 16, 0, 101, 2, 47, 28, 221, 51, 22, 36, 5, 13, 1, 0, 48, 0, 0, 2, 125, 0, 9, 1, 20, 125, 0, 24, 285, 27, 0, 17, 137, 3, 7, 175, 7, 1, 19, 30, 71, 1, 13, 64, 4, 16, 46, 236, 0, 95, 0, 366, 377, 354, 404, 0, 286, 21, 0, 0, 5, 80, 0, 50, 0, 0, 0, 2, 0, 22, 0, 0, 0, 0, 0, 0, 1, 8, 12, 0, 4, 0
ZQ, 4, 1, 1, 8, 1, 0, 6, 1, 0, 0, 1, 0, 13, 4, 3, 3, 11, 5, 8, 0, 20, 2, 14, 0, 17, 4, 7, 2, 4, 3, 5, 0, 0, 2, 0, 2, 5, 0, 0, 2, 18, 6, 1, 0, 29, 1, 0, 2, 9, 1, 5, 0, 4, 0, 0, 1, 2, 0, 1, 2, 7, 2, 0, 2, 1, 1, 0, 6, 22, 14, 9, 0, 10, 2, 0, 0, 0, 0, 0, 0, 0, 0, 0, 0, 0, 2, 0, 0, 0, 0, 0, 0, 0, 0, 1, 0, 0, 0
ZQ, 21, 7, 2, 29, 0, 0, 4, 45, 0, 0, 6, 0, 86, 1, 26, 30, 0, 22, 29, 0, 55, 5, 50, 14, 41, 35, 3, 4, 1, 0, 0, 0, 5, 0, 0, 1, 15, 0, 0, 3, 2, 99, 0, 1, 67, 0, 5, 8, 1, 0, 1, 1, 9, 1, 2, 34, 18, 0, 0, 59, 13, 1, 58, 9, 0, 27, 0, 39, 117, 54, 28, 0, 28, 4, 0, 0, 0, 8, 0, 31, 0, 0, 0, 0, 0, 6, 0, 0, 0, 0, 0, 0, 0, 3, 4, 0, 6, 0
ZQ, 0, 1, 2, 2, 0, 0, 3, 5, 0, 0, 0, 1, 18, 1, 9, 3, 0, 3, 2, 0, 5, 0, 13, 4, 4, 8, 0, 1, 0, 0, 1, 0, 0, 0, 0, 0, 0, 0, 0, 1, 10, 23, 0, 0, 26, 11, 0, 2, 3, 2, 0, 0, 2, 0, 6, 0, 11, 0, 0, 13, 0, 0, 0, 2, 1, 3, 0, 4, 12, 9, 5, 0, 4, 2, 0, 0, 1, 0, 0, 2, 0, 0, 0, 0, 0, 0, 0, 0, 0, 0, 0, 0, 0, 0, 0, 0, 1, 0
ZQ, 7, 0, 5, 10, 0, 0, 1, 14, 2, 1, 4, 0, 38, 2, 16, 6, 1, 6, 10, 1, 22, 3, 7, 6, 14, 7, 0, 9, 1, 0, 1, 0, 2, 1, 0, 0, 14, 0, 4, 0, 12, 35, 0, 1, 47, 1, 0, 0, 1, 2, 5, 10, 15, 0, 6, 11, 5, 0, 1, 11, 0, 1, 10, 10, 1, 6, 0, 10, 41, 44, 41, 0, 22, 2, 0, 0, 0, 4, 0, 11, 1, 0, 0, 0, 0, 5, 0, 0, 0, 0, 0, 9, 1, 4, 7, 0, 0, 0
ZQ, 1, 0, 3, 2, 0, 0, 0, 3, 0, 1, 0, 1, 3, 1, 5, 6, 0, 2, 2, 0, 8, 0, 7, 0, 3, 1, 1, 2, 1, 2, 0, 0, 0, 1, 0, 0, 2, 0, 0, 0, 4, 6, 0, 0, 19, 3, 0, 0, 0, 1, 4, 2, 2, 1, 2, 0, 1, 0, 0, 9, 0, 2, 2, 1, 0, 0, 0, 3, 7, 5, 4, 0, 3, 6, 0, 0, 0, 0, 0, 1, 0, 1, 0, 0, 0, 0, 0, 0, 0, 0, 0, 0, 0, 1, 0, 0, 0, 0
ZQ, 3, 0, 2, 1, 0, 0, 1, 12, 0, 0, 0, 1, 4, 0, 17, 1, 0, 0, 1, 0, 4, 0, 5, 1, 3, 0, 0, 11, 1, 0, 0, 0, 0, 0, 0, 0, 2, 0, 1, 0, 0, 24, 0, 0, 8, 1, 1, 0, 0, 1, 0, 0, 7, 0, 2, 2, 22, 0, 0, 0, 0, 0, 6, 0, 0, 1, 0, 9, 3, 12, 3, 0, 4, 5, 0, 0, 0, 2, 0, 0, 0, 0, 0, 0, 0, 1, 0, 0, 0, 0, 0, 0, 1, 1, 0, 0, 0, 0
ZQ, 13, 0, 1, 1, 0, 0, 1, 1, 0, 0, 0, 0, 19, 7, 2, 1, 9, 1, 1, 0, 6, 0, 5, 0, 11, 2, 0, 4, 0, 1, 1, 0, 0, 0, 0, 2, 2, 0, 1, 0, 3, 19, 0, 0, 37, 13, 0, 0, 1, 1, 0, 0, 2, 0, 5, 0, 1, 1, 0, 2, 28, 8, 1, 5, 0, 0, 0, 2, 7, 8, 5, 0, 2, 4, 0, 0, 5, 1, 0, 2, 0, 0, 0, 1, 0, 5, 0, 1, 0, 0, 0, 0, 0, 2, 0, 0, 0, 0
ZQ, 14, 13, 2, 39, 0, 0, 5, 44, 0, 3, 6, 0, 121, 0, 31, 34, 1, 65, 39, 0, 67, 5, 32, 31, 72, 72, 11, 11, 0, 0, 0, 0, 1, 1, 1, 0, 32, 0, 1, 8, 0, 193, 0, 5, 202, 2, 0, 3, 27, 4, 0, 0, 10, 1, 5, 40, 171, 0, 0, 162, 12, 0, 65, 22, 0, 44, 0, 114, 146, 134, 57, 0, 64, 2, 0, 0, 5, 17, 0, 41, 1, 0, 0, 7, 0, 13, 0, 0, 0, 0, 0, 0, 0, 3, 2, 0, 1, 0
ZQ, 2, 0, 1, 3, 0, 0, 0, 3, 0, 0, 0, 0, 17, 3, 1, 2, 1, 3, 3, 0, 4, 0, 2, 0, 8, 0, 2, 4, 2, 3, 0, 0, 0, 0, 0, 0, 5, 0, 2, 0, 1, 5, 0, 0, 25, 1, 0, 0, 2, 0, 2, 0, 1, 0, 1, 1, 3, 1, 1, 7, 0, 0, 2, 6, 0, 0, 0, 5, 17, 13, 5, 0, 4, 2, 0, 0, 0, 2, 0, 9, 0, 0, 0, 0, 0, 0, 0, 0, 0, 0, 0, 0, 0, 1, 0, 0, 0, 0
ZQ, 26, 4, 4, 33, 6, 0, 7, 32, 4, 1, 2, 0, 111, 13, 15, 12, 3, 48, 33, 0, 57, 4, 64, 15, 62, 11, 11, 12, 11, 7, 4, 1, 6, 6, 0, 3, 10, 3, 2, 3, 19, 70, 13, 3, 232, 153, 1, 0, 46, 7, 11, 27, 20, 5, 34, 2, 8, 4, 6, 25, 3, 7, 11, 31, 3, 5, 3, 19, 76, 111, 20, 0, 30, 8, 2, 0, 2, 9, 0, 38, 0, 20, 0, 0, 0, 6, 6, 0, 0, 0, 0, 10, 1, 10, 3, 0, 0, 0
ZQ, 3, 0, 0, 3, 0, 0, 2, 11, 0, 2, 2, 1, 43, 2, 10, 3, 0, 8, 3, 0, 15, 0, 17, 8, 11, 5, 3, 7, 0, 1, 3, 0, 0, 0, 0, 0, 4, 0, 0, 8, 22, 45, 1, 0, 59, 24, 0, 0, 4, 1, 2, 4, 4, 0, 13, 0, 7, 0, 0, 19, 1, 0, 3, 6, 8, 9, 0, 16, 27, 24, 7, 0, 11, 1, 0, 0, 6, 0, 0, 10, 0, 5, 0, 1, 0, 2, 0, 0, 0, 0, 0, 0, 2, 0, 0, 0, 0, 0
Lokak, 566, 70, 19, 171, 15, 0, 76, 561, 19, 13, 45, 0, 921, 81, 330, 123, 40, 344, 171, 5, 752, 12, 381, 169, 479, 1748, 93, 176, 33, 23, 5, 0, 159, 13, 0, 1, 186, 1, 37, 47, 18, 2147, 2, 57, 1890, 13, 122, 48, 130, 243, 100, 25, 92, 13, 62, 93, 824, 7, 42, 539, 0, 17, 147, 367, 1, 324, 0, 454, 1002, 1051, 1001, 0, 233, 84, 0, 0, 29, 119, 0, 148, 3, 6, 0, 87, 2, 168, 0, 0, 6, 0, 0, 5, 2, 54, 26, 0, 12, 0
Lokak, 0, 1, 12, 11, 0, 0, 0, 4, 0, 0, 0, 0, 20, 0, 13, 1, 0, 18, 11, 2, 3, 0, 1, 2, 23, 0, 0, 2, 0, 0, 0, 0, 4, 0, 0, 0, 6, 0, 0, 2, 0, 21, 0, 0, 21, 3, 0, 4, 2, 5, 0, 0, 0, 0, 0, 1, 2, 3, 0, 11, 0, 0, 1, 4, 0, 16, 0, 48, 2, 47, 27, 0, 32, 0, 0, 0, 1, 51, 0, 1, 0, 0, 0, 2, 0, 1, 0, 0, 0, 0, 0, 0, 0, 10, 5, 0, 0, 0
Lokak, 0, 6, 3, 15, 0, 0, 0, 3, 0, 0, 2, 0, 18, 1, 1, 4, 0, 4, 15, 0, 6, 1, 3, 3, 0, 6, 20, 8, 0, 4, 0, 0, 0, 0, 0, 0, 10, 0, 0, 0, 0, 10, 0, 6, 38, 0, 0, 0, 0, 0, 0, 0, 2, 0, 0, 1, 0, 0, 0, 55, 0, 0, 1, 18, 0, 77, 0, 55, 37, 62, 63, 0, 158, 2, 0, 0, 0, 3, 0, 11, 0, 0, 0, 7, 0, 3, 0, 0, 0, 0, 0, 1, 0, 5, 0, 0, 0, 0
Lokak, 7, 2, 0, 5, 2, 0, 1, 47, 0, 0, 1, 0, 36, 0, 20, 7, 0, 10, 5, 0, 77, 0, 15, 10, 3, 13, 1, 2, 0, 0, 0, 0, 2, 0, 0, 0, 18, 0, 0, 0, 1, 24, 0, 1, 42, 0, 0, 0, 1, 0, 0, 0, 1, 12, 0, 2, 3, 0, 2, 15, 0, 1, 2, 15, 0, 80, 0, 74, 200, 86, 40, 0, 32, 0, 0, 0, 0, 2, 0, 19, 0, 0, 0, 11, 0, 2, 0, 0, 0, 0, 0, 0, 0, 12, 0, 0, 0, 0
Lokak, 19, 6, 1, 13, 3, 0, 1, 64, 1, 2, 11, 0, 155, 18, 21, 20, 2, 6, 13, 0, 36, 0, 23, 6, 28, 24, 8, 20, 29, 0, 3, 0, 1, 0, 0, 1, 28, 0, 15, 0, 1, 166, 0, 12, 190, 1, 2, 1, 77, 7, 4, 2, 5, 0, 10, 13, 61, 1, 5, 70, 1, 1, 3, 47, 0, 17, 0, 27, 165, 139, 79, 0, 25, 6, 0, 0, 0, 10, 0, 11, 0, 0, 0, 0, 0, 3, 0, 0, 0, 0, 0, 8, 0, 7, 9, 0, 1, 0
Lokak, 20, 3, 11, 14, 2, 0, 50, 23, 23, 1, 19, 5, 86, 0, 11, 70, 0, 46, 14, 3, 98, 0, 44, 52, 191, 46, 22, 32, 6, 12, 0, 0, 50, 0, 0, 1, 95, 0, 6, 1, 4, 129, 1, 25, 267, 5, 0, 15, 77, 15, 9, 10, 133, 1, 2, 33, 62, 0, 5, 54, 0, 11, 25, 174, 0, 69, 0, 304, 296, 276, 273, 0, 249, 43, 0, 0, 8, 65, 0, 40, 0, 0, 0, 1, 0, 21, 0, 0, 0, 0, 0, 0, 1, 5, 12, 0, 6, 0
Lokak, 65, 30, 21, 47, 2, 0, 29, 80, 0, 8, 9, 0, 156, 3, 62, 21, 0, 31, 47, 0, 171, 1, 55, 38, 128, 128, 13, 27, 0, 3, 0, 0, 9, 2, 0, 0, 77, 0, 3, 7, 11, 466, 0, 24, 428, 14, 11, 10, 2, 23, 4, 0, 22, 1, 4, 39, 67, 0, 6, 162, 0, 4, 24, 75, 1, 128, 0, 124, 282, 245, 167, 0, 58, 19, 0, 0, 4, 23, 0, 37, 1, 0, 0, 23, 2, 22, 0, 0, 1, 0, 0, 1, 3, 4, 10, 0, 3, 0
Lokak, 10, 15, 0, 8, 7, 0, 16, 7, 2, 7, 0, 0, 30, 0, 13, 30, 0, 15, 8, 1, 59, 1, 20, 10, 61, 17, 10, 10, 1, 1, 0, 0, 1, 1, 0, 0, 12, 0, 1, 14, 33, 181, 2, 0, 124, 8, 0, 2, 0, 0, 4, 2, 9, 1, 9, 8, 16, 0, 0, 53, 4, 1, 3, 18, 0, 19, 0, 52, 63, 66, 25, 0, 13, 7, 0, 0, 5, 4, 0, 15, 0, 0, 0, 26, 0, 1, 1, 0, 2, 0, 0, 0, 1, 2, 0, 0, 0, 0
Lokak, 64, 16, 2, 7, 2, 0, 0, 100, 0, 1, 6, 3, 110, 33, 32, 5, 0, 84, 7, 0, 131, 0, 128, 40, 139, 82, 5, 5, 3, 0, 1, 0, 4, 0, 0, 0, 32, 0, 0, 2, 1, 284, 7, 4, 272, 31, 7, 0, 1, 11, 6, 14, 26, 0, 70, 5, 119, 1, 0, 66, 2, 2, 43, 66, 0, 44, 0, 74, 196, 237, 49, 0, 23, 10, 0, 0, 0, 1, 0, 11, 0, 0, 0, 6, 2, 9, 0, 0, 1, 0, 0, 0, 0, 3, 0, 0, 1, 0
Lokak, 12, 5, 1, 5, 1, 0, 3, 7, 0, 1, 4, 0, 23, 0, 15, 6, 0, 17, 5, 0, 14, 0, 8, 2, 6, 3, 2, 4, 3, 0, 0, 0, 1, 0, 0, 0, 8, 0, 0, 0, 0, 93, 0, 0, 40, 0, 1, 0, 0, 0, 0, 0, 1, 0, 98, 0, 25, 0, 0, 4, 0, 1, 2, 8, 0, 23, 0, 20, 23, 49, 9, 0, 7, 0, 0, 0, 1, 5, 0, 16, 6, 0, 0, 1, 0, 0, 0, 0, 0, 0, 0, 0, 0, 0, 0, 0, 0, 0
Shigao, 18, 24, 0, 1, 0, 0, 0, 36, 0, 0, 18, 0, 470, 1, 125, 2, 44, 82, 1, 0, 79, 0, 11, 129, 0, 103, 6, 8, 0, 5, 0, 0, 0, 0, 0, 0, 71, 0, 15, 0, 0, 321, 0, 10, 377, 4, 0, 4, 0, 4, 0, 0, 0, 0, 0, 7, 119, 0, 0, 0, 0, 8, 125, 32, 0, 0, 0, 3, 221, 288, 16, 0, 1, 0, 0, 0, 0, 0, 0, 49, 0, 0, 0, 0, 0, 41, 0, 0, 0, 0, 0, 0, 0, 0, 0, 0, 0, 0
Shigao, 28, 1, 0, 0, 0, 0, 0, 20, 0, 0, 16, 0, 357, 1, 221, 0, 43, 38, 0, 0, 43, 0, 7, 52, 0, 60, 1, 0, 1, 3, 0, 0, 0, 0, 0, 0, 10, 0, 8, 21, 0, 436, 1, 0, 259, 0, 0, 1, 0, 0, 0, 0, 0, 0, 0, 0, 167, 0, 0, 0, 0, 56, 30, 16, 0, 0, 0, 0, 12, 324, 3, 0, 1, 0, 0, 0, 0, 4, 0, 1, 0, 0, 0, 0, 0, 19, 0, 0, 0, 0, 0, 0, 0, 1, 0, 0, 4, 0
Shigao, 19, 3, 0, 0, 0, 0, 0, 17, 0, 0, 6, 0, 34, 0, 75, 0, 0, 6, 0, 0, 7, 0, 14, 28, 0, 13, 0, 1, 0, 0, 0, 0, 1, 0, 0, 0, 2, 0, 0, 2, 0, 70, 0, 0, 94, 0, 4, 0, 0, 0, 0, 0, 0, 0, 0, 2, 30, 0, 0, 0, 0, 6, 38, 9, 0, 0, 0, 9, 42, 41, 1, 0, 0, 0, 0, 0, 0, 0, 0, 6, 0, 0, 0, 1, 0, 9, 0, 0, 1, 0, 0, 0, 0, 0, 0, 0, 0, 0
Shigao, 22, 8, 1, 0, 0, 0, 0, 27, 0, 0, 0, 0, 161, 0, 151, 0, 1, 30, 0, 0, 9, 0, 4, 30, 1, 18, 5, 0, 0, 0, 0, 0, 0, 0, 0, 0, 16, 0, 0, 4, 0, 155, 1, 1, 91, 11, 2, 0, 1, 0, 0, 0, 0, 0, 0, 19, 62, 0, 0, 0, 0, 109, 9, 86, 0, 0, 0, 1, 95, 73, 1, 0, 2, 0, 0, 0, 0, 2, 0, 17, 0, 0, 0, 0, 0, 1, 0, 0, 1, 0, 0, 0, 0, 1, 0, 0, 0, 0
Shigao, 4, 0, 0, 0, 0, 0, 0, 18, 0, 0, 0, 0, 47, 18, 25, 0, 0, 0, 0, 0, 0, 0, 0, 17, 0, 0, 0, 0, 0, 0, 0, 0, 0, 0, 0, 0, 1, 0, 0, 0, 0, 8, 0, 0, 33, 0, 0, 0, 0, 0, 0, 0, 0, 0, 0, 0, 15, 0, 0, 0, 0, 0, 9, 0, 0, 0, 0, 0, 14, 59, 0, 0, 0, 0, 0, 0, 0, 0, 0, 1, 0, 0, 0, 0, 0, 23, 0, 0, 0, 0, 0, 0, 0, 0, 0, 0, 0, 0
Shigao, 18, 1, 0, 0, 0, 0, 0, 2, 0, 0, 16, 0, 3, 0, 44, 0, 25, 0, 0, 0, 5, 0, 0, 3, 0, 2, 0, 0, 0, 0, 0, 0, 0, 0, 0, 0, 2, 0, 0, 0, 0, 61, 0, 0, 72, 1, 0, 0, 0, 0, 0, 0, 0, 0, 0, 9, 21, 0, 0, 0, 0, 0, 18, 9, 0, 0, 0, 1, 59, 19, 4, 0, 0, 0, 0, 0, 0, 0, 0, 25, 0, 8, 0, 0, 0, 0, 0, 0, 0, 0, 0, 0, 0, 0, 0, 0, 0, 0
Shigao, 0, 1, 0, 0, 0, 0, 0, 49, 0, 0, 0, 0, 179, 34, 76, 0, 12, 10, 0, 0, 119, 0, 0, 13, 0, 7, 0, 0, 0, 0, 0, 0, 0, 0, 0, 0, 9, 0, 0, 0, 0, 102, 0, 0, 41, 0, 0, 0, 0, 0, 0, 0, 0, 0, 0, 0, 76, 0, 0, 1, 0, 29, 19, 0, 0, 0, 0, 6, 0, 53, 16, 0, 0, 0, 0, 0, 0, 0, 0, 1, 0, 0, 0, 0, 0, 4, 0, 0, 0, 0, 0, 0, 0, 0, 0, 0, 0, 0
Shigao, 7, 5, 0, 0, 0, 0, 0, 25, 0, 0, 6, 0, 416, 1, 47, 0, 3, 26, 0, 0, 43, 1, 6, 64, 0, 16, 23, 5, 0, 1, 0, 0, 0, 0, 0, 0, 8, 0, 0, 0, 0, 73, 0, 4, 89, 0, 0, 0, 1, 1, 0, 0, 1, 0, 0, 8, 26, 0, 0, 0, 0, 1, 28, 9, 0, 0, 0, 0, 69, 40, 8, 0, 1, 0, 0, 0, 0, 4, 0, 21, 0, 0, 0, 0, 0, 12, 0, 0, 1, 0, 0, 0, 0, 2, 0, 0, 0, 13
Shigao, 0, 1, 0, 0, 0, 0, 0, 10, 0, 0, 2, 0, 29, 0, 0, 0, 0, 4, 0, 0, 2, 0, 0, 2, 0, 0, 0, 1, 0, 0, 0, 0, 0, 0, 0, 0, 1, 0, 1, 0, 0, 16, 0, 2, 32, 0, 0, 0, 0, 0, 0, 0, 0, 0, 1, 0, 2, 0, 0, 0, 0, 0, 3, 0, 0, 0, 0, 1, 23, 3, 1, 0, 1, 1, 0, 0, 0, 0, 0, 3, 0, 0, 0, 0, 0, 0, 0, 0, 0, 0, 0, 0, 0, 1, 0, 0, 0, 0
Shigao, 25, 10, 5, 4, 7, 0, 1, 124, 2, 0, 2, 0, 882, 2, 195, 0, 11, 39, 4, 0, 19, 0, 27, 167, 0, 24, 0, 13, 1, 3, 0, 0, 1, 0, 0, 0, 41, 0, 0, 100, 0, 405, 0, 0, 280, 0, 4, 2, 0, 0, 0, 0, 0, 0, 1, 1, 86, 0, 0, 5, 0, 24, 64, 28, 0, 0, 0, 0, 21, 161, 5, 0, 2, 0, 0, 0, 0, 2, 0, 13, 0, 1, 0, 0, 0, 54, 0, 0, 0, 0, 0, 0, 0, 11, 0, 0, 0, 0
Shigao, 32, 8, 5, 4, 1, 0, 0, 26, 1, 0, 17, 0, 166, 0, 96, 2, 108, 36, 4, 1, 33, 2, 8, 62, 2, 88, 7, 16, 0, 2, 0, 0, 0, 0, 3, 0, 84, 0, 10, 5, 0, 218, 1, 0, 194, 0, 2, 2, 1, 3, 0, 0, 19, 1, 0, 4, 116, 0, 0, 1, 0, 12, 102, 38, 1, 1, 0, 1, 119, 93, 108, 0, 5, 0, 0, 0, 3, 6, 0, 12, 0, 2, 0, 0, 0, 10, 0, 1, 7, 0, 0, 0, 0, 5, 0, 0, 0, 0
Shigao, 48, 2, 3, 1, 0, 0, 0, 28, 0, 0, 5, 0, 156, 25, 49, 2, 0, 8, 1, 0, 12, 0, 32, 23, 2, 1, 0, 5, 2, 0, 0, 0, 1, 0, 0, 0, 6, 0, 3, 0, 1, 57, 0, 6, 58, 0, 0, 3, 0, 0, 0, 0, 0, 0, 0, 2, 25, 0, 0, 0, 0, 5, 47, 15, 0, 3, 0, 2, 157, 89, 13, 0, 3, 1, 0, 0, 0, 0, 0, 3, 0, 0, 0, 0, 0, 2, 0, 0, 0, 0, 0, 0, 0, 3, 0, 0, 0, 0
Shigao, 17, 3, 3, 0, 0, 0, 0, 152, 1, 0, 1, 0, 347, 8, 48, 1, 0, 51, 0, 0, 6, 0, 7, 31, 0, 29, 0, 2, 0, 1, 0, 0, 0, 0, 0, 0, 19, 0, 10, 0, 1, 131, 0, 1, 100, 0, 0, 8, 0, 0, 0, 0, 0, 0, 0, 0, 32, 0, 0, 0, 0, 25, 21, 10, 0, 0, 0, 2, 39, 87, 9, 0, 5, 1, 0, 0, 0, 0, 0, 3, 0, 0, 0, 0, 0, 0, 0, 0, 0, 0, 0, 0, 0, 0, 0, 0, 0, 0
P, 8, 3, 1, 5, 0, 0, 2, 24, 0, 0, 0, 0, 64, 7, 0, 10, 0, 6, 5, 0, 10, 1, 19, 14, 1, 33, 0, 2, 0, 6, 8, 0, 0, 0, 0, 0, 4, 0, 0, 1, 51, 18, 0, 12, 78, 0, 0, 1, 0, 1, 4, 18, 7, 0, 4, 4, 1, 0, 0, 54, 0, 0, 3, 7, 0, 1, 0, 13, 24, 42, 11, 0, 4, 1, 0, 0, 0, 1, 0, 43, 0, 2, 0, 0, 0, 0, 0, 0, 0, 0, 0, 0, 0, 0, 0, 0, 0, 0
P, 34, 0, 4, 27, 0, 0, 0, 18, 1, 1, 6, 0, 29, 9, 7, 25, 14, 27, 27, 0, 13, 0, 26, 25, 8, 55, 0, 10, 3, 11, 25, 0, 13, 0, 0, 2, 10, 0, 0, 2, 43, 121, 0, 10, 85, 2, 5, 0, 0, 0, 8, 7, 6, 0, 5, 10, 29, 0, 0, 33, 0, 7, 1, 38, 2, 3, 0, 63, 19, 76, 23, 0, 9, 9, 1, 0, 0, 7, 0, 32, 0, 0, 0, 0, 0, 0, 0, 0, 1, 0, 0, 0, 0, 0, 0, 0, 2, 6
P, 31, 18, 6, 28, 0, 0, 0, 11, 0, 0, 9, 0, 63, 27, 35, 88, 52, 16, 28, 0, 7, 0, 13, 31, 3, 120, 1, 35, 0, 5, 84, 0, 0, 0, 13, 1, 18, 0, 0, 23, 212, 100, 0, 42, 134, 124, 7, 0, 2, 6, 5, 17, 4, 0, 1, 11, 38, 0, 0, 122, 0, 14, 7, 9, 1, 3, 0, 32, 76, 213, 125, 0, 11, 7, 0, 0, 0, 14, 0, 111, 0, 16, 0, 0, 0, 0, 0, 1, 0, 0, 0, 0, 0, 6, 0, 0, 0, 0
P, 4672, 224, 263, 798, 10, 2, 16, 2374, 7, 23, 348, 3, 2964, 1027, 827, 1133, 522, 527, 798, 0, 133, 32, 1089, 853, 120, 3017, 2, 860, 106, 144, 2834, 0, 10, 10, 178, 28, 399, 2, 8, 1071, 5747, 2935, 40, 362, 3324, 3413, 1001, 0, 6, 76, 285, 450, 347, 31, 52, 860, 1062, 0, 0, 3410, 0, 331, 84, 736, 102, 86, 0, 768, 833, 4728, 2409, 0, 330, 300, 1, 0, 21, 145, 0, 1264, 3, 300, 0, 0, 0, 2, 10, 15, 37, 0, 8, 0, 39, 42, 0, 0, 163, 88
P, 3453, 181, 87, 345, 1, 0, 5, 972, 6, 11, 233, 1, 2123, 586, 226, 714, 273, 364, 345, 2, 82, 18, 1037, 459, 161, 1500, 2, 261, 105, 87, 1438, 0, 96, 1, 118, 39, 454, 1, 77, 236, 3504, 1839, 2, 533, 2506, 3256, 382, 0, 5, 180, 58, 431, 609, 99, 126, 203, 497, 1, 1, 1320, 0, 140, 223, 338, 165, 84, 0, 734, 510, 2303, 1054, 1, 240, 134, 6, 1, 11, 57, 3, 1345, 0, 95, 0, 0, 2, 4, 1, 45, 3, 0, 5, 0, 36, 28, 0, 0, 22, 57
P, 1754, 52, 87, 153, 7, 0, 8, 416, 4, 4, 33, 0, 810, 938, 71, 225, 123, 200, 153, 1, 162, 6, 265, 180, 214, 524, 2, 91, 103, 33, 860, 0, 79, 10, 1, 29, 220, 0, 12, 506, 1384, 1204, 6, 215, 949, 488, 187, 1, 5, 258, 7, 35, 419, 40, 269, 129, 308, 0, 0, 833, 0, 37, 90, 243, 195, 14, 0, 810, 1300, 1424, 779, 0, 163, 68, 1, 0, 4, 34, 0, 570, 1, 18, 0, 3, 0, 0, 0, 7, 6, 0, 3, 0, 10, 27, 0, 0, 11, 34
P, 1325, 34, 36, 91, 3, 0, 8, 242, 3, 3, 57, 0, 626, 81, 66, 58, 20, 189, 91, 0, 17, 1, 311, 74, 67, 471, 1, 66, 29, 14, 263, 0, 8, 0, 50, 5, 90, 0, 28, 16, 409, 698, 0, 123, 977, 116, 61, 0, 4, 28, 192, 216, 152, 59, 90, 64, 157, 0, 1, 165, 0, 35, 49, 132, 43, 17, 0, 190, 901, 747, 220, 0, 65, 17, 3, 0, 2, 21, 0, 336, 0, 11, 0, 0, 0, 0, 0, 57, 0, 0, 1, 0, 6, 17, 0, 0, 10, 8
P, 46, 4, 0, 1, 0, 0, 0, 15, 0, 0, 1, 0, 19, 2, 5, 5, 10, 9, 1, 0, 1, 0, 9, 0, 8, 20, 0, 0, 1, 0, 7, 0, 0, 0, 0, 0, 5, 0, 0, 2, 27, 36, 0, 1, 23, 5, 4, 0, 0, 0, 2, 5, 0, 0, 1, 3, 6, 0, 0, 12, 0, 3, 0, 2, 0, 2, 0, 3, 11, 29, 13, 0, 0, 0, 0, 0, 0, 0, 0, 24, 0, 2, 0, 0, 0, 0, 0, 0, 0, 0, 0, 0, 0, 0, 0, 0, 0, 4
P, 16, 0, 0, 1, 0, 0, 0, 6, 0, 0, 6, 0, 6, 1, 2, 3, 1, 6, 1, 0, 0, 0, 4, 2, 1, 17, 0, 2, 0, 0, 7, 0, 0, 0, 1, 2, 3, 0, 0, 1, 15, 21, 1, 5, 27, 1, 4, 0, 0, 0, 1, 6, 0, 3, 3, 0, 5, 0, 0, 6, 0, 0, 0, 1, 0, 1, 0, 6, 2, 26, 3, 0, 1, 2, 0, 0, 0, 0, 0, 6, 0, 1, 0, 0, 0, 0, 0, 1, 0, 0, 0, 0, 1, 0, 0, 0, 0, 0
P, 1054, 56, 17, 74, 0, 2, 9, 474, 4, 4, 43, 0, 723, 74, 21, 128, 53, 57, 74, 0, 15, 5, 175, 105, 73, 313, 1, 79, 27, 26, 277, 0, 2, 0, 9, 29, 76, 0, 12, 10, 407, 597, 0, 60, 656, 37, 255, 0, 0, 7, 126, 114, 83, 8, 30, 52, 126, 0, 0, 125, 0, 28, 19, 384, 58, 8, 0, 168, 383, 565, 165, 0, 59, 15, 0, 0, 1, 23, 0, 289, 0, 10, 0, 0, 0, 0, 0, 13, 2, 0, 0, 0, 8, 4, 0, 0, 0, 11
P, 116, 23, 5, 16, 1, 0, 2, 67, 6, 7, 11, 0, 93, 14, 18, 108, 26, 30, 16, 0, 14, 3, 11, 12, 4, 125, 19, 13, 6, 10, 126, 0, 9, 0, 8, 2, 21, 0, 6, 47, 175, 55, 0, 93, 206, 0, 38, 0, 0, 0, 58, 16, 14, 6, 8, 15, 48, 0, 0, 108, 0, 12, 7, 7, 1, 0, 0, 37, 10, 111, 29, 0, 19, 5, 0, 0, 0, 13, 0, 73, 0, 5, 0, 1, 0, 2, 0, 0, 2, 0, 1, 0, 4, 1, 0, 0, 0, 6
P, 614, 67, 12, 103, 11, 0, 2, 150, 0, 0, 19, 0, 328, 67, 81, 118, 52, 57, 103, 0, 35, 5, 105, 118, 65, 154, 0, 57, 9, 13, 113, 0, 1, 0, 4, 12, 97, 0, 22, 21, 348, 600, 0, 74, 394, 173, 57, 0, 23, 7, 41, 84, 61, 10, 29, 17, 153, 0, 0, 53, 0, 40, 16, 60, 10, 16, 0, 82, 494, 464, 167, 0, 25, 45, 0, 0, 1, 45, 0, 293, 0, 23, 0, 0, 0, 0, 0, 14, 1, 0, 0, 0, 13, 23, 0, 0, 10, 23
DhR, 255, 36, 18, 41, 0, 0, 17, 155, 2, 10, 13, 0, 347, 157, 58, 70, 13, 140, 41, 61, 113, 7, 269, 45, 216, 109, 39, 86, 19, 6, 7, 0, 15, 13, 0, 33, 64, 0, 4, 104, 357, 458, 3, 6, 861, 173, 14, 35, 36, 10, 13, 277, 37, 6, 168, 43, 137, 17, 32, 316, 85, 8, 32, 94, 62, 73, 5, 357, 283, 355, 49, 5, 62, 47, 4, 3, 87, 40, 2, 80, 8, 9, 0, 65, 0, 84, 0, 0, 1, 0, 0, 0, 2, 43, 0, 1, 2, 0
DhR, 30, 2, 4, 13, 1, 0, 2, 14, 0, 2, 4, 1, 86, 18, 19, 6, 6, 12, 13, 1, 50, 2, 33, 13, 61, 44, 9, 25, 4, 3, 5, 0, 5, 2, 0, 1, 21, 0, 4, 15, 49, 89, 3, 4, 140, 18, 1, 1, 17, 2, 0, 20, 4, 0, 21, 12, 25, 2, 8, 49, 15, 6, 10, 24, 7, 11, 0, 94, 44, 74, 14, 0, 23, 11, 2, 0, 12, 24, 1, 11, 0, 5, 0, 12, 0, 6, 0, 0, 0, 0, 0, 0, 0, 3, 0, 0, 0, 0
DhR, 391, 42, 27, 54, 4, 0, 19, 182, 3, 0, 1, 0, 808, 158, 199, 97, 137, 171, 54, 40, 174, 29, 371, 117, 768, 170, 13, 171, 5, 20, 39, 0, 17, 1, 1, 46, 190, 1, 10, 142, 369, 647, 1, 17, 833, 545, 25, 0, 51, 1, 10, 239, 15, 2, 499, 19, 360, 11, 36, 767, 55, 12, 64, 288, 96, 228, 1, 849, 340, 566, 92, 0, 123, 35, 4, 3, 55, 87, 16, 161, 1, 18, 0, 118, 0, 102, 4, 0, 4, 0, 0, 0, 1, 17, 0, 0, 4, 0
DhR, 91, 79, 21, 102, 3, 0, 30, 376, 2, 6, 1, 11, 652, 368, 225, 90, 17, 159, 102, 49, 85, 56, 884, 64, 832, 673, 37, 268, 32, 46, 46, 1, 43, 1, 1, 153, 391, 0, 4, 43, 79, 2635, 11, 86, 1210, 2138, 15, 9, 23, 9, 6, 35, 11, 12, 479, 30, 92, 15, 8, 339, 26, 15, 110, 93, 17, 156, 1, 581, 262, 1057, 141, 0, 225, 60, 2, 2, 192, 87, 0, 229, 0, 7, 0, 167, 0, 237, 50, 0, 50, 0, 0, 0, 22, 26, 0, 0, 0, 0
DhR, 34, 3, 9, 16, 0, 0, 3, 56, 1, 1, 1, 0, 89, 24, 12, 14, 0, 21, 16, 17, 17, 4, 56, 11, 44, 20, 4, 10, 2, 1, 3, 0, 6, 0, 0, 14, 11, 0, 2, 18, 17, 66, 0, 4, 148, 61, 6, 0, 6, 0, 3, 21, 4, 0, 48, 2, 53, 3, 14, 57, 10, 2, 13, 17, 24, 6, 0, 63, 76, 50, 9, 0, 19, 8, 2, 0, 9, 2, 3, 22, 0, 1, 0, 5, 0, 1, 1, 0, 0, 0, 0, 0, 0, 4, 0, 0, 0, 0
DhR, 214, 61, 8, 60, 19, 1, 29, 318, 6, 11, 4, 0, 781, 206, 53, 73, 10, 95, 60, 63, 199, 23, 303, 67, 351, 240, 7, 122, 12, 5, 17, 0, 7, 2, 11, 53, 92, 2, 2, 114, 156, 394, 7, 30, 894, 633, 50, 1, 164, 33, 12, 452, 26, 1, 447, 42, 363, 26, 178, 611, 114, 3, 101, 140, 333, 142, 6, 593, 627, 575, 75, 3, 44, 75, 28, 1, 353, 21, 15, 158, 0, 1, 0, 61, 0, 44, 0, 0, 3, 0, 0, 10, 5, 14, 0, 1, 3, 0
DhR, 27, 6, 3, 18, 4, 1, 5, 95, 1, 2, 0, 0, 173, 64, 20, 17, 0, 17, 18, 3, 44, 6, 51, 12, 59, 38, 0, 15, 2, 2, 6, 0, 0, 0, 0, 7, 17, 0, 1, 11, 34, 78, 0, 5, 204, 121, 8, 0, 14, 2, 2, 100, 8, 0, 82, 6, 62, 7, 24, 128, 33, 3, 10, 37, 71, 29, 0, 97, 142, 80, 13, 0, 11, 38, 1, 2, 5, 11, 3, 25, 0, 1, 0, 11, 0, 5, 1, 0, 0, 0, 0, 8, 0, 1, 0, 0, 0, 0
DhR, 123, 28, 24, 59, 6, 0, 31, 188, 14, 16, 12, 0, 313, 236, 124, 122, 107, 102, 59, 42, 226, 21, 298, 106, 499, 156, 26, 103, 53, 24, 15, 0, 50, 6, 0, 30, 189, 2, 12, 67, 182, 775, 6, 49, 727, 341, 16, 20, 67, 18, 8, 129, 78, 18, 337, 86, 160, 7, 23, 475, 164, 35, 108, 156, 43, 77, 0, 247, 408, 467, 168, 0, 103, 51, 2, 0, 55, 38, 1, 112, 0, 2, 0, 10, 1, 36, 2, 1, 10, 0, 0, 20, 5, 88, 0, 0, 0, 1
DhR, 82, 16, 14, 28, 11, 0, 5, 170, 4, 4, 5, 3, 184, 107, 66, 51, 2, 96, 28, 9, 109, 7, 144, 21, 235, 95, 11, 65, 6, 3, 10, 0, 7, 9, 0, 13, 60, 1, 2, 54, 128, 173, 6, 15, 614, 196, 13, 2, 31, 17, 11, 67, 18, 4, 95, 18, 174, 10, 51, 210, 43, 5, 11, 85, 75, 82, 0, 364, 240, 186, 12, 0, 42, 21, 2, 2, 35, 28, 2, 71, 0, 1, 0, 42, 0, 10, 2, 0, 4, 0, 0, 2, 0, 17, 0, 0, 3, 0